 <pre>

 Contingency table for Cloud base (m)
 Selection: ALL    637 stations
Period: 20250702-20250720
Used {00,12} + 01 02 ... 36
 Limits    70.000000000000000        150.00000000000000        300.00000000000000        600.00000000000000        1000.0000000000000        1500.0000000000000        2500.0000000000000        5000.0000000000000     
 Each class is data <= limit, the very last > last limit
 Total number of values      474012
                                                       OBSERVATION
                                   2546     1876     1201      430      181       85      113      254     1136 |      7822
                                   1097     2516     1926      938      299      115       68      129      289 |      7377
                                    943     3864     7657     4480     1402      474      300      361      638 |     20119
                                    477     1586     6330    11476     4774     1397      942      874     1197 |     29053
                       anaTrue      387     1018     2796     7701     9752     4131     2018     1453     2555 |     31811
                                    473      733     2022     4237     7338     9172     5200     2591     4621 |     36387
                                    626      936     2175     4039     5508     7390    14550     7515    10518 |     53257
                                    323      529     1155     2557     4430     3484     6635    14966     5864 |     39943
                                   2539     1836     3166     8262    15916    16151    18723    25575   156075 |    248243

                    SUM            9411    14894    28428    44120    49600    42399    48549    53718   182893 |    474012
                                                       OBSERVATION
                                   2546     1876     1201      430      181       85      113      254     1136 |      7822
                                   1097     2516     1926      938      299      115       68      129      289 |      7377
                                    943     3864     7657     4480     1402      474      300      361      638 |     20119
                                    477     1586     6330    11476     4774     1397      942      874     1197 |     29053
                      anaFalse      387     1018     2796     7701     9752     4131     2018     1453     2555 |     31811
                                    473      733     2022     4237     7338     9172     5200     2591     4621 |     36387
                                    626      936     2175     4039     5508     7390    14550     7515    10518 |     53257
                                    323      529     1155     2557     4430     3484     6635    14966     5864 |     39943
                                   2539     1836     3166     8262    15916    16151    18723    25575   156075 |    248243

                    SUM            9411    14894    28428    44120    49600    42399    48549    53718   182893 |    474012

