 <pre>

 Contingency table for Rh2m (%)
 Selection: ALL   1005 stations
Period: 20250702-20250720
Used {00,12} + 00 01 ... 36
 Limits    30.000000000000000        50.000000000000000        65.000000000000000        75.000000000000000        85.000000000000000        95.000000000000000        100.00000000000000     
 Each class is data <= limit, the very last > last limit
 Total number of values      994307
                                              OBSERVATION
                                   6422     5640      250       32        9        1        0        0 |     12354
                                   6346    83748    24081     3682     1381      516       55        0 |    119809
                                    286    36070    86995    35524    13031     5537     1230        0 |    178673
                       anaTrue       34     4749    38132    56257    38667    15530     3819        0 |    157188
                                      8     1501    13616    38542    73886    48917    11122        1 |    187593
                                      0      518     4632    13483    47660   105792    45123        5 |    217213
                                      0       33      720     2008     8111    38702    65664       29 |    115267
                                      0        0        0       35      273     1343     4558        1 |      6210

                    SUM           13096   132259   168426   149563   183018   216338   131571       36 |    994307
                                              OBSERVATION
                                   6425     5612      249       32        9        1        0        0 |     12328
                                   6344    83830    24006     3663     1366      508       55        0 |    119772
                                    285    36016    87074    35454    12948     5472     1216        0 |    178465
                      anaFalse       34     4750    38134    56305    38591    15396     3769        0 |    156979
                                      8     1498    13605    38564    73959    48809    11009        1 |    187453
                                      0      520     4638    13493    47741   105980    45073        5 |    217450
                                      0       33      720     2017     8132    38826    65871       29 |    115628
                                      0        0        0       35      272     1346     4578        1 |      6232

                    SUM           13096   132259   168426   149563   183018   216338   131571       36 |    994307

